Execution,clock,current_position_x,current_position_y,target_position_x,target_position_y,move_x,move_y
1,517,360.0,480.0,0,0,0,0
1,534,360.0,480.0,0,0,0,0
1,551,360.0,480.0,0,0,0,0
1,568,360.0,480.0,0,0,0,0
1,585,360.0,480.0,0,0,0,0
1,602,360.0,480.0,0,0,0,0
1,619,360.0,480.0,0,0,0,0
1,636,360.0,480.0,0,0,0,0
1,653,360.0,480.0,0,0,0,0
1,670,360.0,480.0,0,0,0,0
1,687,360.0,480.0,0,0,0,0
1,704,360.0,480.0,0,0,0,0
1,721,360.0,480.0,0,0,0,0
1,738,360.0,480.0,0,0,0,0
1,755,360.0,480.0,0,0,0,0
1,771,360.0,480.0,0,0,0,0
1,788,360.0,480.0,0,0,0,0
1,805,360.0,480.0,0,0,0,0
1,822,360.0,480.0,0,0,0,0
1,839,360.0,480.0,0,0,0,0
1,856,360.0,480.0,0,0,0,0
1,873,360.0,480.0,0,0,0,0
1,890,360.0,480.0,0,0,0,0
1,907,360.0,480.0,0,0,0,0
1,924,360.0,480.0,0,0,0,0
1,941,360.0,480.0,0,0,0,0
1,958,360.0,480.0,0,0,0,0
1,975,360.0,480.0,0,0,0,0
1,992,360.0,480.0,0,0,0,0
1,1009,360.0,480.0,0,0,0,0
1,1026,360.0,480.0,0,0,0,0
1,1044,360.0,480.0,0,0,0,0
1,1061,360.0,480.0,0,0,0,0
1,1078,360.0,480.0,0,0,0,0
1,1095,360.0,480.0,0,0,0,0
1,1112,360.0,480.0,0,0,0,0
1,1129,360.0,480.0,0,0,0,0
1,1146,360.0,480.0,0,0,0,0
1,1163,360.0,480.0,0,0,0,0
1,1180,360.0,480.0,0,0,0,0
1,1197,360.0,480.0,0,0,0,0
1,1214,360.0,480.0,0,0,0,0
1,1231,360.0,480.0,0,0,0,0
1,1248,360.0,480.0,0,0,0,0
1,1265,360.0,480.0,0,0,0,0
1,1282,360.0,480.0,0,0,0,0
1,1299,360.0,480.0,0,0,0,0
1,1316,360.0,480.0,0,0,0,0
1,1333,360.0,480.0,0,0,0,0
1,1359,360.0,475.0,0,0,0,-5
1,1376,360.0,470.0,0,0,0,-5
1,1394,360.0,465.0,0,0,0,-5
1,1411,360.0,460.0,0,0,0,-5
1,1428,360.0,455.0,0,0,0,-5
1,1446,360.0,450.0,0,0,0,-5
1,1463,360.0,445.0,0,0,0,-5
1,1479,360.0,440.0,0,0,0,-5
1,1496,360.0,435.0,0,0,0,-5
1,1513,360.0,435.0,0,0,0,0
1,1530,360.0,435.0,0,0,0,0
1,1548,360.0,435.0,0,0,0,0
1,1565,360.0,435.0,0,0,0,0
1,1582,360.0,435.0,0,0,0,0
1,1599,360.0,435.0,0,0,0,0
1,1616,360.0,435.0,0,0,0,0
1,1633,360.0,435.0,0,0,0,0
1,1650,360.0,435.0,0,0,0,0
1,1668,360.0,435.0,0,0,0,0
1,1684,360.0,435.0,0,0,0,0
1,1701,360.0,435.0,0,0,0,0
1,1718,360.0,435.0,0,0,0,0
1,1735,360.0,435.0,0,0,0,0
1,1752,360.0,435.0,0,0,0,0
1,1768,360.0,435.0,0,0,0,0
1,1785,360.0,435.0,0,0,0,0
1,1802,360.0,435.0,0,0,0,0
1,1819,360.0,435.0,0,0,0,0
1,1836,360.0,435.0,0,0,0,0
1,1854,360.0,435.0,0,0,0,0
1,1871,355.0,435.0,0,0,-5,0
1,1887,350.0,435.0,0,0,-5,0
1,1904,345.0,435.0,0,0,-5,0
1,1922,340.0,435.0,0,0,-5,0
1,1939,335.0,435.0,0,0,-5,0
1,1956,330.0,435.0,0,0,-5,0
1,1973,325.0,435.0,0,0,-5,0
1,1990,320.0,435.0,0,0,-5,0
1,2007,320.0,435.0,0,0,0,0
1,2024,320.0,435.0,0,0,0,0
1,2041,320.0,435.0,0,0,0,0
1,2058,320.0,435.0,0,0,0,0
1,2075,320.0,435.0,0,0,0,0
1,2092,320.0,435.0,0,0,0,0
1,2109,320.0,435.0,0,0,0,0
1,2126,320.0,435.0,0,0,0,0
1,2143,320.0,435.0,0,0,0,0
1,2160,320.0,430.0,0,0,0,-5
1,2177,320.0,425.0,0,0,0,-5
1,2195,320.0,420.0,0,0,0,-5
1,2212,320.0,415.0,0,0,0,-5
1,2229,320.0,410.0,0,0,0,-5
1,2246,320.0,405.0,0,0,0,-5
1,2262,320.0,400.0,0,0,0,-5
1,2280,320.0,395.0,0,0,0,-5
1,2297,320.0,395.0,0,0,0,0
1,2313,320.0,395.0,0,0,0,0
1,2330,320.0,395.0,0,0,0,0
1,2347,320.0,395.0,0,0,0,0
1,2364,320.0,395.0,0,0,0,0
1,2381,320.0,395.0,0,0,0,0
1,2398,320.0,395.0,0,0,0,0
1,2415,315.0,395.0,0,0,-5,0
1,2432,310.0,395.0,0,0,-5,0
1,2449,305.0,395.0,0,0,-5,0
1,2466,300.0,395.0,0,0,-5,0
1,2483,295.0,395.0,0,0,-5,0
1,2500,290.0,395.0,0,0,-5,0
1,2517,285.0,395.0,0,0,-5,0
1,2534,280.0,395.0,0,0,-5,0
1,2551,280.0,395.0,0,0,0,0
1,2568,280.0,395.0,0,0,0,0
1,2586,280.0,395.0,0,0,0,0
1,2603,280.0,395.0,0,0,0,0
1,2620,280.0,395.0,0,0,0,0
1,2636,280.0,395.0,0,0,0,0
1,2652,280.0,390.0,0,0,0,-5
1,2668,280.0,385.0,0,0,0,-5
1,2685,280.0,380.0,0,0,0,-5
1,2702,280.0,375.0,0,0,0,-5
1,2718,280.0,370.0,0,0,0,-5
1,2735,280.0,365.0,0,0,0,-5
1,2752,280.0,360.0,0,0,0,-5
1,2769,280.0,360.0,0,0,0,0
1,2786,280.0,360.0,0,0,0,0
1,2804,280.0,360.0,0,0,0,0
1,2820,275.0,360.0,0,0,-5,0
1,2837,270.0,360.0,0,0,-5,0
1,2854,265.0,360.0,0,0,-5,0
1,2871,260.0,360.0,0,0,-5,0
1,2889,255.0,360.0,0,0,-5,0
1,2906,250.0,360.0,0,0,-5,0
1,2923,250.0,360.0,0,0,0,0
1,2939,250.0,360.0,0,0,0,0
1,2956,250.0,360.0,0,0,0,0
1,2973,250.0,355.0,0,0,0,-5
1,2990,250.0,350.0,0,0,0,-5
1,3006,250.0,345.0,0,0,0,-5
1,3023,250.0,340.0,0,0,0,-5
1,3040,250.0,335.0,0,0,0,-5
1,3057,250.0,330.0,0,0,0,-5
1,3074,250.0,325.0,0,0,0,-5
1,3091,250.0,325.0,0,0,0,0
1,3108,250.0,325.0,0,0,0,0
1,3125,245.0,325.0,0,0,-5,0
1,3142,240.0,325.0,0,0,-5,0
1,3159,235.0,325.0,0,0,-5,0
1,3176,230.0,325.0,0,0,-5,0
1,3193,225.0,325.0,0,0,-5,0
1,3210,220.0,325.0,0,0,-5,0
1,3227,220.0,325.0,0,0,0,0
1,3244,220.0,325.0,0,0,0,0
1,3261,220.0,325.0,0,0,0,0
1,3277,220.0,325.0,0,0,0,0
1,3294,220.0,320.0,0,0,0,-5
1,3311,220.0,315.0,0,0,0,-5
1,3328,220.0,310.0,0,0,0,-5
1,3345,220.0,305.0,0,0,0,-5
1,3362,220.0,300.0,0,0,0,-5
1,3379,220.0,300.0,0,0,0,0
1,3396,220.0,300.0,0,0,0,0
1,3413,220.0,300.0,0,0,0,0
1,3430,220.0,300.0,0,0,0,0
1,3447,220.0,300.0,0,0,0,0
1,3464,220.0,300.0,0,0,0,0
1,3481,220.0,300.0,0,0,0,0
1,3498,220.0,300.0,0,0,0,0
1,3514,220.0,300.0,0,0,0,0
1,3531,220.0,300.0,0,0,0,0
1,3548,220.0,300.0,0,0,0,0
1,3564,220.0,300.0,0,0,0,0
1,3580,220.0,300.0,0,0,0,0
1,3597,220.0,300.0,0,0,0,0
1,3614,220.0,300.0,0,0,0,0
1,3631,220.0,300.0,0,0,0,0
1,3648,220.0,300.0,0,0,0,0
1,3665,220.0,300.0,0,0,0,0
1,3682,220.0,300.0,0,0,0,0
1,3699,220.0,300.0,0,0,0,0
1,3716,220.0,300.0,0,0,0,0
1,3733,220.0,300.0,0,0,0,0
1,3750,220.0,300.0,0,0,0,0
1,3767,220.0,300.0,0,0,0,0
1,3784,220.0,300.0,0,0,0,0
1,3801,220.0,300.0,0,0,0,0
1,3818,220.0,300.0,0,0,0,0
1,3836,220.0,300.0,0,0,0,0
1,3853,220.0,300.0,0,0,0,0
1,3870,220.0,300.0,0,0,0,0
1,3887,220.0,295.0,0,0,0,-5
1,3904,220.0,290.0,0,0,0,-5
1,3921,220.0,285.0,0,0,0,-5
1,3938,220.0,280.0,0,0,0,-5
1,3955,220.0,280.0,0,0,0,0
1,3972,220.0,275.0,0,0,0,-5
1,3989,220.0,270.0,0,0,0,-5
1,4006,220.0,270.0,0,0,0,0
1,4023,220.0,270.0,0,0,0,0
1,4039,220.0,270.0,0,0,0,0
1,4056,220.0,270.0,0,0,0,0
1,4073,220.0,270.0,0,0,0,0
1,4089,220.0,270.0,0,0,0,0
1,4106,220.0,270.0,0,0,0,0
1,4123,220.0,270.0,0,0,0,0
1,4140,220.0,270.0,0,0,0,0
1,4157,220.0,265.0,0,0,0,-5
1,4174,220.0,260.0,0,0,0,-5
1,4192,220.0,255.0,0,0,0,-5
1,4208,220.0,250.0,0,0,0,-5
1,4224,220.0,245.0,0,0,0,-5
1,4241,220.0,240.0,0,0,0,-5
1,4258,220.0,235.0,0,0,0,-5
1,4275,220.0,235.0,0,0,0,0
1,4292,220.0,235.0,0,0,0,0
1,4309,220.0,235.0,0,0,0,0
1,4326,220.0,235.0,0,0,0,0
1,4343,220.0,235.0,0,0,0,0
1,4360,220.0,235.0,0,0,0,0
1,4377,215.0,235.0,0,0,-5,0
1,4395,210.0,235.0,0,0,-5,0
1,4411,205.0,235.0,0,0,-5,0
1,4428,200.0,235.0,0,0,-5,0
1,4445,195.0,235.0,0,0,-5,0
1,4462,195.0,235.0,0,0,0,0
1,4479,195.0,235.0,0,0,0,0
1,4496,195.0,235.0,0,0,0,0
1,4513,195.0,235.0,0,0,0,0
1,4530,195.0,235.0,0,0,0,0
1,4547,195.0,235.0,0,0,0,0
1,4564,195.0,230.0,0,0,0,-5
1,4581,195.0,225.0,0,0,0,-5
1,4598,195.0,220.0,0,0,0,-5
1,4615,195.0,215.0,0,0,0,-5
1,4632,195.0,210.0,0,0,0,-5
1,4649,195.0,205.0,0,0,0,-5
1,4666,195.0,200.0,0,0,0,-5
1,4683,195.0,195.0,0,0,0,-5
1,4700,195.0,190.0,0,0,0,-5
1,4717,195.0,185.0,0,0,0,-5
1,4734,195.0,180.0,0,0,0,-5
1,4751,195.0,175.0,0,0,0,-5
1,4768,195.0,175.0,0,0,0,0
1,4785,195.0,175.0,0,0,0,0
1,4802,195.0,175.0,0,0,0,0
1,4819,195.0,175.0,0,0,0,0
1,4836,195.0,175.0,0,0,0,0
1,4853,195.0,175.0,0,0,0,0
1,4870,195.0,175.0,0,0,0,0
1,4887,195.0,175.0,0,0,0,0
1,4904,195.0,175.0,0,0,0,0
1,4921,195.0,175.0,0,0,0,0
1,4939,195.0,175.0,0,0,0,0
1,4957,195.0,175.0,0,0,0,0
1,4974,195.0,175.0,0,0,0,0
1,4991,195.0,175.0,0,0,0,0
1,5007,190.0,175.0,0,0,-5,0
1,5024,185.0,175.0,0,0,-5,0
1,5040,180.0,175.0,0,0,-5,0
1,5056,175.0,175.0,0,0,-5,0
1,5073,175.0,175.0,0,0,0,0
1,5090,175.0,175.0,0,0,0,0
1,5107,175.0,175.0,0,0,0,0
1,5124,175.0,175.0,0,0,0,0
1,5141,175.0,175.0,0,0,0,0
1,5158,175.0,175.0,0,0,0,0
1,5175,175.0,175.0,0,0,0,0
1,5192,175.0,175.0,0,0,0,0
1,5208,175.0,175.0,0,0,0,0
1,5225,175.0,175.0,0,0,0,0
1,5242,175.0,175.0,0,0,0,0
1,5259,175.0,175.0,0,0,0,0
1,5276,175.0,175.0,0,0,0,0
1,5292,175.0,175.0,0,0,0,0
1,5309,170.0,175.0,0,0,-5,0
1,5326,165.0,175.0,0,0,-5,0
1,5343,160.0,175.0,0,0,-5,0
1,5361,155.0,175.0,0,0,-5,0
1,5378,150.0,175.0,0,0,-5,0
1,5395,145.0,175.0,0,0,-5,0
1,5412,145.0,175.0,0,0,0,0
1,5429,145.0,175.0,0,0,0,0
1,5445,145.0,175.0,0,0,0,0
1,5462,145.0,175.0,0,0,0,0
1,5479,145.0,175.0,0,0,0,0
1,5496,145.0,175.0,0,0,0,0
1,5513,145.0,170.0,0,0,0,-5
1,5530,145.0,165.0,0,0,0,-5
1,5548,145.0,160.0,0,0,0,-5
1,5565,145.0,155.0,0,0,0,-5
1,5581,145.0,150.0,0,0,0,-5
1,5597,145.0,145.0,0,0,0,-5
1,5614,140.0,145.0,0,0,-5,0
1,5631,135.0,145.0,0,0,-5,0
1,5648,130.0,145.0,0,0,-5,0
1,5664,125.0,145.0,0,0,-5,0
1,5681,120.0,145.0,0,0,-5,0
1,5698,115.0,145.0,0,0,-5,0
1,5715,115.0,145.0,0,0,0,0
1,5732,115.0,145.0,0,0,0,0
1,5749,115.0,145.0,0,0,0,0
1,5765,115.0,145.0,0,0,0,0
1,5782,115.0,145.0,0,0,0,0
1,5799,115.0,145.0,0,0,0,0
1,5816,115.0,145.0,0,0,0,0
1,5833,115.0,145.0,0,0,0,0
1,5850,115.0,145.0,0,0,0,0
1,5867,115.0,145.0,0,0,0,0
1,5884,110.0,145.0,0,0,-5,0
1,5901,105.0,145.0,0,0,-5,0
1,5918,105.0,145.0,0,0,0,0
1,5935,105.0,145.0,0,0,0,0
1,5952,105.0,145.0,0,0,0,0
1,5968,105.0,145.0,0,0,0,0
1,5985,105.0,140.0,0,0,0,-5
1,6002,105.0,135.0,0,0,0,-5
1,6019,105.0,130.0,0,0,0,-5
1,6036,105.0,125.0,0,0,0,-5
1,6052,105.0,125.0,0,0,0,0
1,6069,105.0,125.0,0,0,0,0
1,6086,100.0,125.0,0,0,-5,0
1,6104,95.0,125.0,0,0,-5,0
1,6120,90.0,125.0,0,0,-5,0
1,6137,85.0,125.0,0,0,-5,0
1,6154,85.0,125.0,0,0,0,0
1,6171,85.0,125.0,0,0,0,0
1,6188,85.0,125.0,0,0,0,0
1,6205,85.0,125.0,0,0,0,0
1,6222,85.0,125.0,0,0,0,0
1,6239,85.0,125.0,0,0,0,0
1,6256,85.0,125.0,0,0,0,0
1,6273,85.0,125.0,0,0,0,0
1,6290,85.0,125.0,0,0,0,0
1,6307,85.0,125.0,0,0,0,0
1,6324,85.0,125.0,0,0,0,0
1,6341,85.0,120.0,0,0,0,-5
1,6357,85.0,115.0,0,0,0,-5
1,6373,85.0,110.0,0,0,0,-5
1,6389,85.0,105.0,0,0,0,-5
1,6406,85.0,100.0,0,0,0,-5
1,6423,85.0,95.0,0,0,0,-5
1,6439,85.0,90.0,0,0,0,-5
1,6456,85.0,85.0,0,0,0,-5
1,6473,85.0,80.0,0,0,0,-5
1,6489,85.0,75.0,0,0,0,-5
1,6505,85.0,70.0,0,0,0,-5
1,6522,85.0,65.0,0,0,0,-5
1,6539,85.0,65.0,0,0,0,0
1,6556,85.0,65.0,0,0,0,0
1,6573,85.0,65.0,0,0,0,0
1,6590,85.0,65.0,0,0,0,0
1,6606,85.0,65.0,0,0,0,0
1,6623,85.0,65.0,0,0,0,0
1,6640,85.0,65.0,0,0,0,0
1,6657,85.0,65.0,0,0,0,0
1,6674,80.0,65.0,0,0,-5,0
1,6691,75.0,65.0,0,0,-5,0
1,6707,70.0,65.0,0,0,-5,0
1,6724,65.0,65.0,0,0,-5,0
1,6741,60.0,65.0,0,0,-5,0
1,6758,60.0,65.0,0,0,0,0
1,6775,60.0,65.0,0,0,0,0
1,6792,60.0,65.0,0,0,0,0
1,6809,60.0,65.0,0,0,0,0
1,6826,60.0,65.0,0,0,0,0
1,6843,60.0,65.0,0,0,0,0
1,6860,60.0,65.0,0,0,0,0
1,6877,60.0,65.0,0,0,0,0
1,6895,60.0,65.0,0,0,0,0
1,6911,60.0,65.0,0,0,0,0
1,6928,60.0,65.0,0,0,0,0
1,6945,60.0,65.0,0,0,0,0
1,6962,60.0,65.0,0,0,0,0
1,6979,60.0,65.0,0,0,0,0
1,6996,60.0,65.0,0,0,0,0
1,7013,60.0,60.0,0,0,0,-5
1,7030,60.0,55.0,0,0,0,-5
1,7047,60.0,50.0,0,0,0,-5
1,7064,60.0,45.0,0,0,0,-5
1,7081,60.0,45.0,0,0,0,0
1,7098,60.0,45.0,0,0,0,0
1,7115,60.0,45.0,0,0,0,0
1,7131,60.0,45.0,0,0,0,0
1,7148,60.0,45.0,0,0,0,0
1,7165,60.0,45.0,0,0,0,0
1,7182,60.0,45.0,0,0,0,0
1,7199,60.0,45.0,0,0,0,0
1,7216,60.0,45.0,0,0,0,0
1,7233,60.0,45.0,0,0,0,0
1,7250,55.0,45.0,0,0,-5,0
1,7267,50.0,45.0,0,0,-5,0
1,7284,45.0,45.0,0,0,-5,0
1,7301,40.0,45.0,0,0,-5,0
1,7318,40.0,45.0,0,0,0,0
1,7334,40.0,45.0,0,0,0,0
1,7351,40.0,45.0,0,0,0,0
1,7368,40.0,45.0,0,0,0,0
1,7385,40.0,45.0,0,0,0,0
1,7403,40.0,45.0,0,0,0,0
1,7418,40.0,45.0,0,0,0,0
1,7435,40.0,45.0,0,0,0,0
1,7452,40.0,45.0,0,0,0,0
1,7469,40.0,45.0,0,0,0,0
1,7485,40.0,45.0,0,0,0,0
1,7502,40.0,45.0,0,0,0,0
1,7518,40.0,45.0,0,0,0,0
1,7535,40.0,40.0,0,0,0,-5
1,7552,40.0,35.0,0,0,0,-5
1,7569,40.0,30.0,0,0,0,-5
1,7585,40.0,25.0,0,0,0,-5
1,7602,40.0,20.0,0,0,0,-5
1,7619,40.0,20.0,0,0,0,0
1,7636,40.0,20.0,0,0,0,0
1,7653,40.0,20.0,0,0,0,0
1,7670,40.0,20.0,0,0,0,0
1,7686,40.0,20.0,0,0,0,0
1,7703,40.0,20.0,0,0,0,0
1,7720,40.0,20.0,0,0,0,0
1,7737,40.0,20.0,0,0,0,0
1,7754,40.0,20.0,0,0,0,0
1,7771,40.0,20.0,0,0,0,0
1,7788,35.0,20.0,0,0,-5,0
1,7804,30.0,20.0,0,0,-5,0
1,7821,25.0,20.0,0,0,-5,0
1,7838,20.0,20.0,0,0,-5,0
1,7855,15.0,20.0,0,0,-5,0
1,8652,15.0,20.0,0,0,0,-5
1,7872,15.0,20.0,0,0,0,0
1,7889,15.0,20.0,0,0,0,0
1,7906,15.0,20.0,0,0,0,0
1,7923,15.0,20.0,0,0,0,0
1,7941,15.0,20.0,0,0,0,0
1,7958,15.0,20.0,0,0,0,0
1,7975,15.0,20.0,0,0,0,0
1,7992,15.0,20.0,0,0,0,0
1,8009,15.0,20.0,0,0,0,0
1,8027,15.0,20.0,0,0,0,0
1,8043,15.0,20.0,0,0,0,0
1,8060,15.0,20.0,0,0,0,0
1,8077,15.0,20.0,0,0,0,0
1,8093,15.0,20.0,0,0,0,0
1,8110,15.0,20.0,0,0,0,0
1,8127,15.0,20.0,0,0,0,0
1,8143,15.0,20.0,0,0,0,0
1,8160,15.0,20.0,0,0,0,0
1,8177,15.0,20.0,0,0,0,0
1,8194,15.0,20.0,0,0,0,0
1,8212,15.0,20.0,0,0,0,0
1,8228,15.0,20.0,0,0,0,0
1,8245,15.0,20.0,0,0,0,0
1,8262,15.0,20.0,0,0,0,0
1,8279,15.0,20.0,0,0,0,0
1,8296,15.0,20.0,0,0,0,0
1,8313,15.0,20.0,0,0,0,0
1,8330,15.0,20.0,0,0,0,0
1,8347,15.0,20.0,0,0,0,0
1,8364,15.0,20.0,0,0,0,0
1,8381,15.0,20.0,0,0,0,0
1,8398,15.0,20.0,0,0,0,0
1,8415,15.0,20.0,0,0,0,0
1,8432,15.0,20.0,0,0,0,0
1,8449,15.0,20.0,0,0,0,0
1,8466,15.0,20.0,0,0,0,0
1,8483,15.0,20.0,0,0,0,0
1,8500,15.0,20.0,0,0,0,0
1,8517,15.0,20.0,0,0,0,0
1,8534,15.0,20.0,0,0,0,0
1,8551,15.0,20.0,0,0,0,0
1,8568,15.0,20.0,0,0,0,0
1,8585,15.0,20.0,0,0,0,0
1,8602,15.0,20.0,0,0,0,0
1,8619,15.0,20.0,0,0,0,0
1,8635,15.0,20.0,0,0,0,0
1,8652,15.0,20.0,0,0,0,0
1,8652,15.0,20.0,0,0,0,-5